-0.499444 0.018
0.500556 0.018
-0.5 0
0.5 0
-0.501667 -0.054
0.498333 -0.054
-0.504444 -0.144
0.495556 -0.144
-0.508333 -0.27
0.491667 -0.27
-0.513333 -0.432
0.486667 -0.432
-0.519444 -0.63
0.480556 -0.63
-0.526667 -0.864
0.473333 -0.864
-0.535 -0.864
0.465 -0.864
-0.544444 -0.558
0.455556 -0.558
-0.555 -0.288
0.445 -0.288
-0.566667 -0.054
0.433333 -0.054
-0.579444 0.144
0.420556 0.144
-0.593333 0.306
0.406667 0.306
-0.608333 0.432
0.391667 0.432
-0.624444 0.522
0.375556 0.522
-0.641667 0.576
0.358333 0.576
-0.66 0.594
0.34 0.594
-0.679444 0.576
0.320556 0.576
-0.7 0.522
0.3 0.522
-0.721667 0.432
0.278333 0.432
-0.744444 0.306
0.255556 0.306
-0.768333 0.144
0.231667 0.144
-0.793333 -0.054
0.206667 -0.054
-0.819444 -0.288
0.180556 -0.288
-0.846667 -0.558
0.153333 -0.558
-0.875 -0.864
0.125 -0.864
-0.904444 -0.864
0.0955556 -0.864
-0.935 -0.486
0.065 -0.486
-0.966667 -0.144
0.0333333 -0.144
-0.966667 0.162
0.000555556 0.162
-0.932894 0.432
-0.0334495 0.432
-0.900785 0.666
-0.0691179 0.666
-0.868894 0.864
-0.105005 0.864
-0.83556 0.864
-0.139449 0.864
-0.798853 0.738
-0.170519 0.738
-0.756502 0.576
-0.195947 0.576
-0.705805 0.378
-0.213027 0.378
-0.643485 0.144
-0.218485 0.144
-0.565503 -0.126
-0.208281 -0.126
-0.466764 -0.432
-0.17732 -0.432
-0.340684 -0.774
-0.119017 -0.774
-0.178532 -0.774
-0.0246427 -0.774
0.0314095 -0.36
0.117521 -0.36
0.304172 0.018
0.322505 0.018
0.927468 0.36
0.878024 0.36
0.927468 0.666
0.878024 0.666
0.736721 0.936
0.755054 0.936
0.736721 0.936
-0.934616 0.936
0.736721 0.738
-0.934616 0.738
0.21309 0.504
-0.934616 0.504
-0.309855 0.234
-0.934616 0.234
-0.78902 -0.072
-0.934616 -0.072
-0.78902 -0.414
0.745595 -0.414
-0.252321 -0.792
0.745595 -0.792
0.292241 -0.792
0.745595 -0.792
0.755002 -0.342
0.745595 -0.342
0.755002 0.072
0.745595 0.072
0.755002 0.45
0.745595 0.45
0.755002 0.792
0.745595 0.792
0.755002 0.792
0.745595 0.792
0.755002 0.522
0.745595 0.522
0.755002 0.216
0.745595 0.216
0.755002 -0.126
0.745595 -0.126
0.755002 -0.504
0.745595 -0.504
0.755002 -0.918
0.745595 -0.918
0.755002 -0.918
0.745595 -0.918
0.755002 -0.432
0.745595 -0.432
0.755002 0.018
0.745595 0.018
0.755002 0.432
0.745595 0.432
0.755002 0.81
0.745595 0.81
0.755002 0.81
0.745595 0.81
0.755002 0.504
0.745595 0.504
0.755002 0.162
0.745595 0.162
0.755002 -0.216
0.745595 -0.216
0.755002 -0.63
0.745595 -0.63
0.755002 -0.63
0.745595 -0.63
0.755002 -0.144
0.745595 -0.144
0.755002 0.306
0.745595 0.306
0.755002 0.72
0.745595 0.72
0.755002 0.72
0.745595 0.72
0.755002 0.378
0.745595 0.378
0.755002 -7.28584e-17
0.745595 -7.28584e-17
0.755002 -0.414
0.745595 -0.414
0.755002 -0.864
0.745595 -0.864
0.755002 -0.864
0.745595 -0.864
0.755002 -0.342
0.745595 -0.342
0.755002 0.144
0.745595 0.144
0.755002 0.594
0.745595 0.594
0.755002 0.594
0.745595 0.594
0.755002 0.216
0.745595 0.216
0.755002 -0.198
0.745595 -0.198
0.755002 -0.648
0.745595 -0.648
0.755002 -0.648
0.745595 -0.648
0.755002 -0.126
0.745595 -0.126
0.755002 0.36
0.745595 0.36
0.755002 0.81
0.745595 0.81
0.755002 0.81
0.745595 0.81
0.755002 0.432
0.745595 0.432
0.755002 0.018
0.745595 0.018
