-0.499444 -0.0189
0.500556 -0.0189
-0.5 -0.0774
0.5 -0.0774
-0.501667 -0.1755
0.498333 -0.1755
-0.504444 -0.3132
0.495556 -0.3132
-0.508333 -0.4905
0.491667 -0.4905
-0.513333 -0.7074
0.486667 -0.7074
-0.519444 -0.9639
0.480556 -0.9639
-0.526667 -0.9639
0.473333 -0.9639
-0.535 -0.7056
0.465 -0.7056
-0.544444 -0.4869
0.455556 -0.4869
-0.555 -0.3078
0.445 -0.3078
-0.566667 -0.1683
0.433333 -0.1683
-0.579444 -0.0684
0.420556 -0.0684
-0.593333 -0.0081
0.406667 -0.0081
-0.608333 0.0126
0.391667 0.0126
-0.624444 -0.0063
0.375556 -0.0063
-0.641667 -0.0648
0.358333 -0.0648
-0.66 -0.1629
0.34 -0.1629
-0.679444 -0.3006
0.320556 -0.3006
-0.7 -0.4779
0.3 -0.4779
-0.721667 -0.6948
0.278333 -0.6948
-0.744444 -0.9513
0.255556 -0.9513
-0.768333 -0.9513
0.231667 -0.9513
-0.793333 -0.693
0.206667 -0.693
-0.819444 -0.4743
0.180556 -0.4743
-0.846667 -0.2952
0.153333 -0.2952
-0.875 -0.1557
0.125 -0.1557
-0.904444 -0.0558
0.0955556 -0.0558
-0.935 0.0045
0.065 0.0045
-0.966667 0.0252
0.0333333 0.0252
-0.966667 0.0063
0.000555556 0.0063
-0.932894 -0.0522
-0.0334495 -0.0522
-0.900785 -0.1503
-0.0691179 -0.1503
-0.868894 -0.288
-0.105005 -0.288
-0.83556 -0.4653
-0.139449 -0.4653
-0.798853 -0.6822
-0.170519 -0.6822
-0.756502 -0.9387
-0.195947 -0.9387
-0.705805 -0.9387
-0.213027 -0.9387
-0.643485 -0.6804
-0.218485 -0.6804
-0.565503 -0.4617
-0.208281 -0.4617
-0.466764 -0.2826
-0.17732 -0.2826
-0.340684 -0.1431
-0.119017 -0.1431
-0.178532 -0.0432
-0.0246427 -0.0432
0.0314095 0.0171
0.117521 0.0171
0.304172 0.0378
0.322505 0.0378
0.927468 0.0189
0.878024 0.0189
0.927468 -0.0396
0.878024 -0.0396
0.736721 -0.1377
0.755054 -0.1377
0.736721 -0.2754
-0.934616 -0.2754
0.736721 -0.4527
-0.934616 -0.4527
0.21309 -0.6696
-0.934616 -0.6696
-0.309855 -0.9261
-0.934616 -0.9261
-0.78902 -0.9261
-0.934616 -0.9261
-0.78902 -0.6678
0.745595 -0.6678
-0.252321 -0.4491
0.745595 -0.4491
0.292241 -0.27
0.745595 -0.27
0.755002 -0.1305
0.745595 -0.1305
0.755002 -0.0306
0.745595 -0.0306
0.755002 0.0297
0.745595 0.0297
0.755002 0.0504
0.745595 0.0504
0.755002 0.0315
0.745595 0.0315
0.755002 -0.027
0.745595 -0.027
0.755002 -0.1251
0.745595 -0.1251
0.755002 -0.2628
0.745595 -0.2628
0.755002 -0.4401
0.745595 -0.4401
0.755002 -0.657
0.745595 -0.657
0.755002 -0.9135
0.745595 -0.9135
0.755002 -0.9135
0.745595 -0.9135
0.755002 -0.6552
0.745595 -0.6552
0.755002 -0.4365
0.745595 -0.4365
0.755002 -0.2574
0.745595 -0.2574
0.755002 -0.1179
0.745595 -0.1179
0.755002 -0.018
0.745595 -0.018
0.755002 0.0423
0.745595 0.0423
0.755002 0.063
0.745595 0.063
0.755002 0.0441
0.745595 0.0441
0.755002 -0.0144
0.745595 -0.0144
0.755002 -0.1125
0.745595 -0.1125
0.755002 -0.2502
0.745595 -0.2502
0.755002 -0.4275
0.745595 -0.4275
0.755002 -0.6444
0.745595 -0.6444
0.755002 -0.9009
0.745595 -0.9009
0.755002 -0.9009
0.745595 -0.9009
0.755002 -0.6426
0.745595 -0.6426
0.755002 -0.4239
0.745595 -0.4239
0.755002 -0.2448
0.745595 -0.2448
0.755002 -0.1053
0.745595 -0.1053
0.755002 -0.0054
0.745595 -0.0054
0.755002 0.0549
0.745595 0.0549
0.755002 0.0756
0.745595 0.0756
0.755002 0.0567
0.745595 0.0567
0.755002 -0.0018
0.745595 -0.0018
0.755002 -0.0999
0.745595 -0.0999
0.755002 -0.2376
0.745595 -0.2376
0.755002 -0.4149
0.745595 -0.4149
0.755002 -0.6318
0.745595 -0.6318
0.755002 -0.8883
0.745595 -0.8883
0.755002 -0.8883
0.745595 -0.8883
0.755002 -0.63
0.745595 -0.63
0.755002 -0.4113
0.745595 -0.4113
