-0.500556 -0.00145556
0.499444 -0.00145556
-0.502222 -0.00762222
0.497778 -0.00762222
-0.505 -0.0185
0.495 -0.0185
-0.508889 -0.0340889
0.491111 -0.0340889
-0.513889 -0.0543889
0.486111 -0.0543889
-0.52 -0.0794
0.48 -0.0794
-0.527222 -0.109122
0.472778 -0.109122
-0.535556 -0.143556
0.464444 -0.143556
-0.545 -0.1827
0.455 -0.1827
-0.555556 -0.226556
0.444444 -0.226556
-0.567222 -0.275122
0.432778 -0.275122
-0.58 -0.3284
0.42 -0.3284
-0.593889 -0.386389
0.406111 -0.386389
-0.608889 -0.449089
0.391111 -0.449089
-0.625 -0.5165
0.375 -0.5165
-0.642222 -0.588622
0.357778 -0.588622
-0.660556 -0.665456
0.339444 -0.665456
-0.68 -0.747
0.32 -0.747
-0.700556 -0.833256
0.299444 -0.833256
-0.722222 -0.924222
0.277778 -0.924222
-0.745 -0.924222
0.255 -0.924222
-0.768889 -0.828544
0.231111 -0.828544
-0.793889 -0.737578
0.206111 -0.737578
-0.82 -0.651322
0.18 -0.651322
-0.847222 -0.569778
0.152778 -0.569778
-0.875556 -0.492944
0.124444 -0.492944
-0.905 -0.420822
0.095 -0.420822
-0.935556 -0.353411
0.0644444 -0.353411
-0.967222 -0.290711
0.0327778 -0.290711
-0.967222 -0.232722
4.02131e-16 -0.232722
-0.967222 -0.179091
-0.0335351 -0.179091
-0.967222 -0.129073
-0.0670837 -0.129073
-0.967222 -0.0818554
-0.0998332 -0.0818554
-0.967222 -0.0365688
-0.130913 -0.0365688
-0.967222 0.00769735
-0.159414 0.00769735
-0.967222 0.0518671
-0.184411 0.0518671
-0.967222 0.0968425
-0.205002 0.0968425
-0.967222 0.143459
-0.220352 0.143459
-0.967222 0.192433
-0.229745 0.192433
-0.967222 0.244308
-0.232637 0.244308
-0.967222 0.299404
-0.228707 0.299404
-0.967222 0.357784
-0.217893 0.357784
-0.967222 0.41924
-0.200405 0.41924
-0.967222 0.483301
-0.17671 0.483301
-0.967222 0.549273
-0.147505 0.549273
-0.967222 0.616284
-0.11366 0.616284
-0.967222 0.683345
-0.0761658 0.683345
-0.967222 0.749408
-0.0360696 0.749408
-0.967222 0.813412
0.00556766 0.813412
-0.967222 0.874325
0.0477135 0.874325
-0.967222 0.931169
0.0893907 0.931169
-0.967222 0.931169
0.129696 0.931169
-0.967222 0.878909
0.167809 0.878909
-0.967222 0.820127
0.203 0.820127
-0.967222 0.754181
0.234628 0.754181
-0.967222 0.680519
0.262139 0.680519
-0.967222 0.598674
0.285067 0.598674
-0.967222 0.50826
0.303027 0.50826
-0.967222 0.408974
0.315714 0.408974
-0.967222 0.300587
0.3229 0.300587
-0.967222 0.182946
0.324432 0.182946
-0.967222 0.0559713
0.32023 0.0559713
-0.967222 -0.080342
0.31029 -0.080342
-0.967222 -0.225926
0.294679 -0.225926
-0.967222 -0.380636
0.273542 -0.380636
-0.967222 -0.54425
0.247102 -0.54425
-0.967222 -0.71646
0.215665 -0.71646
-0.967222 -0.896873
0.179625 -0.896873
-0.967222 -0.896873
0.139471 -0.896873
-0.967222 -0.708424
0.095795 -0.708424
-0.967222 -0.526394
0.049299 -0.526394
-0.967222 -0.349962
0.000806126 -0.349962
-0.967222 -0.178174
-0.0487314 -0.178174
-0.967222 -0.00994166
-0.0982249 -0.00994166
-0.967222 0.155963
-0.146446 0.155963
-0.967222 0.320903
-0.192031 0.320903
-0.967222 0.486359
-0.2335 0.486359
-0.967222 0.653889
-0.269296 0.653889
-0.967222 0.825063
-0.297848 0.825063
-0.967222 0.825063
-0.317673 0.825063
-0.967222 0.649323
-0.327509 0.649323
-0.967222 0.480872
-0.326456 0.480872
-0.967222 0.320113
-0.314109 0.320113
-0.967222 0.166876
-0.290642 0.166876
-0.967222 0.0204179
-0.256795 0.0204179
-0.967222 -0.120489
-0.213798 -0.120489
-0.967222 -0.257415
-0.163219 -0.257415
-0.967222 -0.392113
-0.106812 -0.392113
-0.967222 -0.526382
-0.0463768 -0.526382
-0.967222 -0.661962
0.0163479 -0.661962
-0.967222 -0.800469
0.0797453 -0.800469
-0.967222 -0.943364
0.142355 -0.943364
-0.967222 -0.943364
0.202882 -0.943364
-0.967222 -0.795312
0.260199 -0.795312
-0.967222 -0.655044
0.313331 -0.655044
-0.967222 -0.523393
0.361446 -0.523393
-0.967222 -0.401061
0.403842 -0.401061
-0.967222 -0.288635
0.439933 -0.288635
-0.967222 -0.186594
0.469238 -0.186594
-0.967222 -0.095323
0.491373 -0.095323
